871.8517093049875852607647472448743820190429687500000000000000e26 25.9136209850278

7.8781741459242923981765861235589981079101562500000000000000e25 13.3877890338693

1.0222411885884817663272350615962314605712890625000000000000e26 19.3106244351474

9.9757061187499216681245821557242393493652343750000000000000e25 24.4869520785542


1.1992108649148632113066406250000000000000000000000000000000e18 30.5555772931779
-4.0022675096567465538537597656250000000000000000000000000000e17 32.0927429612116
-4.0022675096567465538537597656250000000000000000000000000000e17 32.0927429612116
3.0590483368456345105534057617187500000000000000000000000000e18 33.2687513757721
-3.4193731231993547542276000976562500000000000000000000000000e17 33.5312271153418
8.7173641553338838477819824218750000000000000000000000000000e17 34.0566368349578
-1.2411098374357510434750976562500000000000000000000000000000e18 35.7573216439315
-6.2099516913953686898534179687500000000000000000000000000000e19 37.4621554428244
6.4257801416388052131958007812500000000000000000000000000000e16 38.5845250345323
9.6651313275197655317929687500000000000000000000000000000000e18 41.2459280001967
-5.8402256144884792400463867187500000000000000000000000000000e17 44.5007898341602
1.0871212763446105664160156250000000000000000000000000000000e17 45.1441413920197
1.0871212763446105664160156250000000000000000000000000000000e17 45.1441413920197
3.4478964883561245431008789062500000000000000000000000000000e19 48.4191090971270
1.9432049345804344042953491210937500000000000000000000000000e16 49.9754633710184
-2.6824878064756625840766601562500000000000000000000000000000e18 51.6223265648781
4.2432821233934346933544921875000000000000000000000000000000e17 51.9107768521159
-1.8340054653604323341533203125000000000000000000000000000000e18 61.1444330347624

3.9779983199507978330487060546875000000000000000000000000000e18 40.0642827811856
3.9779983199507978330487060546875000000000000000000000000000e18 40.0642827811856
8.8336042257085382432421875000000000000000000000000000000000e17 42.3627110758681
8.8336042257085382432421875000000000000000000000000000000000e17 42.3627110758681
-1.8453526405188079822341918945312500000000000000000000000000e17 42.8700783472119
-5.3323278020217763064927673339843750000000000000000000000000e17 42.9428726957644
-2.0825477990369238954439849853515625000000000000000000000000e18 44.2166003581218
2.0123377377736057207135009765625000000000000000000000000000e19 45.1047628734280
-7.6926785712727333570068359375000000000000000000000000000000e17 45.7056786839704
-7.6926785712727333570068359375000000000000000000000000000000e17 45.7056786839704
-7.2286630595060511228405761718750000000000000000000000000000e17 48.0468724783708
-1.5988834781632949170757812500000000000000000000000000000000e19 48.2691787243667
-5.0352601846913250063427734375000000000000000000000000000000e18 55.4376643300480
-2.0311273034844660347070312500000000000000000000000000000000e18 56.4646224946992
7.5374809266716511152762451171875000000000000000000000000000e18 58.1214606234343
-9.3240234838506349355667114257812500000000000000000000000000e16 58.6180951869831
1.8052837008308202848378662109375000000000000000000000000000e19 68.2056464028191
-2.6129084883075159134199066162109375000000000000000000000000e18 70.7756409676375
1.1676293112143460854003906250000000000000000000000000000000e17 74.9596222641673

6.5206765075999839219824218750000000000000000000000000000000e17 38.9058028385358
1.4948581582901008084738769531250000000000000000000000000000e18 43.5773658836228
1.1472513962370243733593750000000000000000000000000000000000e17 44.0724916326069
-1.1625738719644014147222290039062500000000000000000000000000e18 46.8166606795294
-2.5116641760300552478170166015625000000000000000000000000000e18 50.1122690243296
1.4073743200633906002734375000000000000000000000000000000000e17 50.3201020629447
-2.8625056163409112581944580078125000000000000000000000000000e18 50.5701502199783
-2.8625056163409112581944580078125000000000000000000000000000e18 50.5701502199783
-4.6040145074412314637783203125000000000000000000000000000000e18 52.4146415852886
7.1396117463312127022094726562500000000000000000000000000000e15 53.1147512581001
1.1509477339418035440002441406250000000000000000000000000000e19 76.0936964903325
-1.1660435322911323600540161132812500000000000000000000000000e17 76.4233314975810
-1.1660435322911323600540161132812500000000000000000000000000e17 76.4233314975810
6.7443864591005473252988281250000000000000000000000000000000e18 103.811162053505
-3.2871120760785775439531860351562500000000000000000000000000e18 182.128316326430

2.9766332886114675133781433105468750000000000000000000000000e15 71.3353834748326
-2.6350551655352476942984085083007812500000000000000000000000e18 78.0843821992090
-4.1154856115502320931127548217773437500000000000000000000000e16 84.4315396791300
-2.3638812817451868729445983886718750000000000000000000000000e19 98.7823800754165
-2.3638812817451868729445983886718750000000000000000000000000e19 98.7823800754165
5.2915951752715304910717773437500000000000000000000000000000e17 105.064893918799
5.2915951752715304910717773437500000000000000000000000000000e17 105.064893918799
5.2915951752715304910717773437500000000000000000000000000000e17 105.064893918799
9.8579672711101510315719604492187500000000000000000000000000e16 110.972338970507
7.0009113652934210462144531250000000000000000000000000000000e20 124.656974266037
7.0009113652934210462144531250000000000000000000000000000000e20 124.656974266037
-7.1469938190861673492996215820312500000000000000000000000000e16 155.706255978029
-7.1469938190861673492996215820312500000000000000000000000000e16 155.706255978029
69.045894673599349059486318845087208225358445, 79.447787627956200297243062401293970354237897, 2.5627475574611736533107757568359375000000000000000000000000e15, 2562747557461171

(140.84724162190228982484338598566332119100697, 103.89723334314084368105157595751450021554443, 4.0715502194358632454071044921875000000000000000000000000000e15, 4071550219435861)
(199.43346791626288830648818400183618979006860, 296.96645174702326640859990158943274152648226, 3.4741466094138749733123779296875000000000000000000000000000e15, 3474146609413872)
(851.35309414146077594837630282851035163334676, 464.99074381752788517166134188719778579014160, 1.5165758772112760401611328125000000000000000000000000000000e15, 1516575877211274

(145.08850200994656336989837227018384780308812, 160.32435076816983477256424220697717001724860, 3.2258342829984247324218750000000000000000000000000000000000e15, 3225834282998422)
(329.24056314880664619678751236715138350669896, 382.21010835433188120213319235557387047581273, 1.7050309029765293996429443359375000000000000000000000000000e15, 1705030902976527)
(614.36951925621713664196651097994152128154076, 641.06231403025075919503524231111533459850960, 1.3565166898427311251831054687500000000000000000000000000000e14, 135651668984271)



(1437.5869238631554638911683678337937781086200, 1621.4882247989801204384194197568188984276803, 3.2054480030017398856605441757565598934888839721679687500000e25, 32054480030017398856605439)
(1441.0525458608143462078369467462826977010776, 995.76805760199124119870731348219139100676595, 2.0031832176088472056279907303058345988392829895019531250000e26, 200318321760884720562799071)
(1446.7365481785087208727525152031739291960783, 1684.8028452729843065517403531814154682070430, 1.5960223076420614921671642035869066368788480758666992187500e28, 15960223076420614921671642033)
(1458.4083911382712885807905479797064818762084, 1095.6143202011069503048446644179845237402450, 2.7731476453042822621225724517907074186950922012329101562500e21, 2773147645304282262120)
(1459.6249000523443257641662984475367093845176, 1707.0819910075672459392000944280956520786012, 5.1327964744357200369099118201732635498046875000000000000000e21, 5132796474435720036907)
(1465.2947110458917659622300678714282683891969, 1202.2323358680368272283042702332642075634594, 3.3251452663231179736902003022541999816894531250000000000000e24, 3325145266323117973690198)
(1465.3191820344495003724766300519509726990260, 1544.4445055468546757143613286199840988339276, 2.8485437079363311197378642017911793971434235572814941406250e27, 2848543707936331119737864199)
(1467.3168679584390126932822261038749410966882, 923.04552390187325238866905184914939033009108, 3.5803649742058131658798401368648276547901332378387451171875e24, 3580364974205813165879838)
(1468.4830957058773980064908711511971501366725, 995.98985732370825169015535606171256088572303, 2.5239687292158962610343870461549729855537414550781250000000e31, 25239687292158962610343870461547)
(1469.0640674751133436518330267205033964301759, 1318.3972118571323798893458181602136938325696, 4.0890614905496027036149844407420139759778976440429687500000e22, 40890614905496027036147)
(1475.3851967305701560861491880282537172263079, 1201.9180222384544084039810291827535416129537, 2.6513104321879784034189156912183969974517822265625000000000e28, 26513104321879784034189156910)
(1476.3618608975471308347506008421042199227163, 869.68257365552345997858974258177848318467465, 2.0067091662179107406741547382327806711196899414062500000000e28, 20067091662179107406741547380)
(1480.3360037661434418041424217401108076142111, 963.47073869539430948117303002087742092395169, 9.7975353794294252229009229911193251609802246093750000000000e21, 9797535379429425222898)
(1485.7083351749560795488628404223425557602010, 1190.4196672389914830615583834005705623707040, 2.6989446613340966154632058409690856933593750000000000000000e22, 26989446613340966154630)
(1496.1922641953129847998400865621687169697509, 1601.5241492067666179103490834618793750097135, 1.2442890987021533822637747132095396327972412109375000000000e29, 124428909870215338226377471318)
(1500.1311912640772130515666972046066369552659, 1713.3121982901330698023597818293010179124352, 7.9837168732876111780948192130096700042486190795898437500000e25, 79837168732876111780948190)
(1504.0814338194108428012261743321521221193389, 1026.3129470857239806386688074750158606050202, 2.2802956426113266987407941305202320218086242675781250000000e24, 2280295642611326698740792)
(1512.4725436093294221050951519081903305957003, 888.93172732575556717145571264233670030965803, 1.2448382883920859425494686173734492622315883636474609375000e25, 12448382883920859425494684)
(1521.7388237849118508175515094353900350487444, 1671.0365496249484238095532780133007936562851, 1.0531214397909214613450846323490142822265625000000000000000e22, 10531214397909214613448)
(1535.6640380396583062504217479026135485204459, 1149.5911752419081612218548368839056636987980, 6.4201488999629675065414909920084732584655284881591796875000e23, 642014889996296750654147)
(1537.0624280493188291740775264957100593747798, 1030.6489276224587890892375915883210959706002, 1.2603224636759610524242382598221632838249206542968750000000e26, 126032246367596105242423823)
(1537.9681565958049178309684345990785333622105, 1868.3684688399785781109085008892476812870609, 1.2411450907824479996323109779258083896711468696594238281250e27, 1241145090782447999632310975)
(1537.9985072320527113939856659752681497524628, 1322.0518787745925885431369268142401915326860, 7.2436979700832180843052152587050672245823079720139503479004e24, 7243697970083218084305213)
(1539.7711250807409907796008529350787434921132, 979.75373505263127021066686048076538519226343, 8.5596510353650789294496145819502323865890502929687500000000e23, 855965103536507892944959)
(1547.0675043214327892486437370158990179790106, 1508.4607100051957261015952926569547910237046, 1.1831448611633856607878311731719970703125000000000000000000e23, 118314486116338566078781)
(1553.5100195778486752968124763652731344983128, 1356.8756448969828866317083682474956754672921, 2.6426196235888624465283164646297305822372436523437500000000e25, 26426196235888624465283162)
(1604.8457665611465886032511769691463633983577, 1183.0436893366356901389769590025105576352123, 1.6299494848121877875248341112834226735867559909820556640625e27, 1629949484812187787524834109)
(1609.2924769238179820441998710505187941074759, 1640.4498692052272473828615643370966312083296, 4.4582441571687338381882634205321664921939373016357421875000e18, 4458244157168733836)
(1614.8208961835939964945006958678100663211070, 2011.0949421406075684067098775045049378116502, 2.3645414103704128065125486944322586059570312500000000000000e24, 2364541410370412806512546)
(1625.8229795843277586534117992118176582263438, 1216.8977315663939027415712506536928707458529, 6.2914840793730719677415459019062148377299308776855468750000e28, 62914840793730719677415459017)
(1633.6167960585973201009767782711605564576276, 1512.7321056117803018952973538908225072856525, 2.4028417592212244924822880352868747711181640625000000000000e26, 240284175922122449248228801)
(1642.0632183093293809933521763880426649105358, 1032.0798110503494426193184400379425353801164, 1.3514688195758875039662623189538717269897460937500000000000e21, 1351468819575887503964)
(1646.3626140377668041378287281620566226489680, 974.68600713065693149894708397346621050325627, 1.3955999843392264856028124362091515774864092236384749412537e23, 139559998433922648560279)
(1650.1948023398602153351734689399085495237977, 1127.8445854236172144375859160845883290554955, 9.3177888349752760901119896171580984548654669197276234626770e23, 931778883497527609011196)
(1667.8591698024335344941034030621582721108862, 1415.6609704545778361230023367834158578791573, 1.4032755574303509000105087579413957428187131881713867187500e22, 14032755574303509000103)
(1669.2367971542376855117621769473491668249117, 1091.9076516423875599117195919153753827727769, 5.8173949068188301310909964166108110547065734863281250000000e26, 581739490681883013109099639)
(1674.2890274572460935695928553217737292654153, 1304.2961254691923244742974663053780321282382, 5.5515690085019426660653344489663135027512907981872558593750e24, 5551569008501942666065332)
(1677.8700411438582414848857139329817847822565, 1887.4151871257617070182482833588227643502323, 6.0356355284060390980800548201781430179835297167301177978516e20, 603563552840603909806)
(1679.7156707204965301739922060819731578535061, 1593.0501181953208427202938371797215420494349, 1.0591778661590030328180468162055988796055316925048828125000e23, 105917786615900303281802)
(1683.3647907048391693980040833172547806099938, 1400.2541749755553174844147781807492664225554, 1.5481809311952334409948626831676047081127762794494628906250e27, 1548180931195233440994862681)
(1704.4586067644264455165251708291554389841112, 2378.4554322515793487400204481333209793840193, 6.5266650023153971508201635259587793350219726562500000000000e28, 65266650023153971508201635257)
(1719.6645128951930443805906567838025278091620, 1515.1447575261869771899470787564697277765044, 1.4032755574303509000105070782572031021118164062500000000000e22, 14032755574303509000103)
(1739.5372186681168371477244716595624658299232, 1252.3296594658865222061597364759014328713071, 4.5774013772831554566357000203313926914461262640543282032013e23, 457740137728315545663568)
(1753.6786060891122730945549115478503792483584, 1340.9817003759811090828970523653565346993388, 3.1782929140450314970011851182985932473093271255493164062500e27, 3178292914045031497001185116)
(1754.2518054389990098569170725490590396456906, 1622.2052341765244572358926960181233701837669, 1.7379045199079854299557561049991212591692146816058084368706e22, 17379045199079854299555)
(1757.5823166055870782557991205343620113125681, 856.57435554445592444195586007539129917963032, 1.4918140591025981251835555751312603950500488281250000000000e27, 1491814059102598125183555573)
(1760.9856628335781170428990059895888718552437, 1120.5903806793494722592003195100437362881090, 4.8077386328946760820031178370881080627441406250000000000000e23, 480773863289467608200309)
(1765.7580307027698492950392969740478510440609, 1110.4968417883601476505286823629105523001202, 2.6284016687032973660500931160087497439235448837280273437500e26, 262840166870329736605009309)
(1774.5997087056370087683637749908731271012232, 1568.7145091688079093397565729740696658343153, 1.0926086203528271302334779083234933972358703613281250000000e28, 10926086203528271302334779081)
(1780.8491373729752026239494247835806692573880, 1303.0638652142910048420318248150159145507526, 1.4933343488036669089738071909849449325702153146266937255859e26, 149333434880366690897380717)
(1800.7326124854485773453402119054695451532955, 1594.8986718865474484663390766773547393218845, 7.7538799581124032622561430950096382730407640337944030761719e20, 775387995811240326223)
(1802.2840348392762913563863332897793828427297, 1869.4905648517838561032992078340286340092771, 3.0162593074703945872196570325851440429687500000000000000000e22, 30162593074703945872194)
(1807.0317415524091752557970764340971614806574, 1082.1487507782103034717966742087418715880401, 7.1099865316711890432008447572243629368022084236145019531250e27, 7109986531671189043200844755)
(1807.3043062784213942420798589153658869775735, 1902.1218930247039403826234062708916558941998, 8.7385983934543725459742040604078173637390136718750000000000e26, 873859839345437254597420404)
(1849.1692990155578048459970088768495477713674, 1202.5796354237000929251699554194803302457545, 4.8289070360606661380638574724175834948255214840173721313477e25, 48289070360606661380638572)
(1863.8169552236732625439530724800635364047184, 1825.2206038862441833156534580984766622099051, 5.8499789186974866050370143342882707166671752929687500000000e29, 584997891869748660503701433426)
(1866.4329803946456417129826904423436198804547, 1431.4537637273854666642420503691208065474029, 2.4947848815062219432424561851791046448051929473876953125000e27, 2494784881506221943242456183)
(1872.8528114132596680925115255427633693891292, 1750.5768159454335889682037438594236088824784, 2.0426827885464219888859461692146972713470458984375000000000e30, 2042682788546421988885946169212)
(1880.1616140564750460525568918106188972155684, 1891.1686368783342600695157591965080288727294, 1.2420490440251892643154757788923237363633234053850173950195e25, 12420490440251892643154755)
(1900.0158606626829740425228658520711142818449, 1766.7822990469054434546137927559938986510542, 3.1036653379485397109665259742736816406250000000000000000000e20, 310366533794853971094)
(1901.3439052714495324832196998389119878640764, 1174.6278786215361037113668060285647787770789, 4.2665760939812710986812321257424205541610717773437500000000e26, 426657609398127109868123210)
(1903.1554257987695543219650096071627180001608, 1778.9849038426676152274707099969821673845546, 2.1167564151114243275570766587020757142454385757446289062500e24, 2116756415111424327557074)
(1911.1048804979643737755293997267988872980221, 1797.5701201365037486780194372687349681025530, 2.1167564151114243275570766533248792303538721171207726001740e24, 2116756415111424327557074)
(1913.3650093788435482305863953789558928461738, 1721.6161752070840132499814752650434666401936, 4.0787234948502111806324486227978644166114463587291538715363e21, 4078723494850211180630)
(1914.1181906089394284042464023927266661761716, 1291.9656628994507681458523510771447367779245, 1.2384651444911866457492428274711370468139648437500000000000e24, 1238465144491186645749240)
(1923.0697978150521728183876837797442147876076, 1402.7732995994692084182321744400279151347624, 5.4041450865638676283537754508751089019824576098471879959106e21, 5404145086563867628351)
(1930.1440890728053942915052078343014012880679, 1848.3625051015554249645247764308638025591569, 5.0961812767216632894813382527311430358886718750000000000000e29, 509618127672166328948133825271)
(1930.8204078737874219003833181612582841136353, 1593.8114656307431283396701424766622548989913, 1.5956348278778229979058131521395836025476455688476562500000e25, 15956348278778229979058129)
(1959.8465266826190995928897163701818953333808, 1702.1336927490559276465912704255790679546754, 1.8530668822942926454716210263910889625549316406250000000000e24, 1853066882294292645471619)
(2014.8211595889940849788560548461105120060220, 2263.5082880002869764530670564782729138754143, 1.2670240498342621810882719825035704157780855894088745117188e27, 1267024049834262181088271980)
(2047.2313808304790565152927027757237083713918, 1539.1583098894457949212249888605757755081786, 2.5981085739913233585294073563814163208007812500000000000000e20, 259810857399132335850)
(2058.2811627772446890383265387455675635139729, 1228.5641486188827707150004717340984472799181, 1.5375254891932074076121901909238090411236044019460678100586e21, 1537525489193207407610)
(2081.2624540143881612667634683055736754055401, 1851.7136966313699536525362992729983640499736, 1.3744819702152119777586792604096070675723240128718316555023e21, 1374481970215211977756)
(2109.7471665894425662717632328066596759861996, 2017.8010612371099496307690136891177881503249, 2.9351806206460565398412471550455829048156738281250000000000e29, 293518062064605653984124715502)
(2115.8801926162756835702489499713844446840448, 2054.6359864022899905265567354965376170242951, 4.2233840717952961425500232487281093344790861010551452636719e24, 4223384071795296142550021)
(2121.1987045401320542303249559527199933370967, 2002.2868855121889145818806449287505097069944, 1.3451051149725788353209414723363208770751953125000000000000e26, 134510511497257883532094145)
(2144.5787982186395582518032778925892129165083, 1250.5852958177766772866623515982567515307917, 1.2041519144643635741527371870532688414677977561950683593750e27, 1204151914464363574152737185)
(2198.0956803645856202042822140172439001274542, 1889.1373141993566217733831718263739045667440, 5.3624229757478679224626003002190317721106112003326416015625e27, 5362422975747867922462600298)
(2208.4010320008611390545715242355189652549447, 1341.8300510965708998627153594369814505914636, 2.1735824481871857667144184723435947671532630920410156250000e23, 217358244818718576671439)
(2278.9981857925547911490648991613121948355670, 1961.2102110891401928299670534906660128416070, 1.8581415923512337097278139186718051582574844360351562500000e27, 1858141592351233709727813916)
(2279.6078977503885897197609399873213397125018, 2190.7808311204007802988766568021503760020289, 1.3451051149725788353209414721908950805664062500000000000000e26, 134510511497257883532094145)
(2291.4291646617804274314039532462511670123502, 2811.4263059338057242115252165061375278041523, 7.4433827550954559561966002413780293980380520224571228027344e25, 74433827550954559561966000)
(2321.4695993239332689203281818143164537485403, 2622.8807806569583761195485467327364011502023, 1.0445775942356802594976283096220784317702054977416992187500e28, 10445775942356802594976283094)
(2387.2590345308958066087696007387416700192828, 1668.4020877829030301295683404034151449196297, 4.1815059731336199481514518307158723473548889160156250000000e21, 4181505973133619948149)
(2510.8463448859542805879761968662649253703415, 1766.7775421745454200483183551608427218011082, 2.3603028267427765148410156133365907644038088619709014892578e27, 2360302826742776514841015611)
(2520.1374171953839357115989226629870828017415, 2256.6946165121093447875611909256277414282354, 5.7806636832321169732907613959118723869323730468750000000000e22, 57806636832321169732905)
(2690.5756157908604862504640135113497443766018, 2575.2031967362860557327028169151511078747875, 2.0599365123201125180746910068858808517456054687500000000000e28, 20599365123201125180746910066)
(2752.0482365276783784455861739005546176421253, 1633.1486942532199933614602548249191639332291, 9.4038855033828204107240259901363559067249298095703125000000e27, 9403885503382820410724025988)
(2845.8875875493487513628947939981534389617602, 1995.0810245869208154639049228576173027469271, 4.4972784557291635238500513062657276464051392395049333572388e19, 44972784557291635236)
(2861.3957291642045732920709149634932280264834, 2360.3663854116179659267974243435640334180761, 1.9272245606228364666083148657731974411010742187500000000000e29, 192722456062283646660831486575)
(2908.0209535430687614097732947134539736920061, 2012.6515904290215365425925032425538496038721, 1.8250626852003281681075009157518007192760705947875976562500e28, 18250626852003281681075009155)
(3039.3750322204625761491771552579650772004368, 2703.3537248428908037112130433686172041210928, 2.4317829106592833963579892666432833910942077636718750000000e31, 24317829106592833963579892666430)
(3268.2743777119811767892278754328230667295957, 3682.1092357914377029892945391450344604762592, 1.2954177078322286096579342289112755069800186902284622192383e27, 1295417707832228609657934226)
(3275.2918703209253859512919675928739025965458, 1910.2798206200219522115233364842142530660326, 8.0076130341688042429656087728190704365260899066925048828125e24, 8007613034168804242965606)
(3357.5971178076428859339151952468654759732803, 3874.9478044087281041005224228266922404806620, 4.2449287316001227330747292434144482016563415527343750000000e25, 42449287316001227330747290)
(3471.6179933384701449696517171506392511344979, 2698.6174003166286414842992650440244704256320, 7.7573049903678614171502130540571126937866210937500000000000e27, 7757304990367861417150213052)
(3724.5020425241498464108042159166570459060743, 3988.7438532513233230701891823609545705814323, 6.4358868941551469739622429121038248443603515625000000000000e30, 6435886894155146973962242912101)
(3988.8844595246485483135130175464815187278145, 2910.6204177724251014588382184147451526826069, 7.4677177758881207287757521609252777262590825557708740234375e27, 7467717775888120728775752158)
(4138.1619113711295809381967119504315019187545, 2233.6967113710732750534355427718312528315349, 1.5143011452147879379189763629998824405670166015625000000000e29, 151430114521478793791897636297)
(4710.0093538856838457846667821078296311117364, 3708.9261727536499145754048852832007138231852, 5.0573449786733019726920338514000417804718017578125000000000e29, 505734497867330197269203385138)


(1046.7292082572432842033808858522616702721158, 943.14959851127221654788257418176775407498367, 2.0739030550100136685315445816721505313893203492625616490841e24, 2073903055010013668531542)
(1072.7837036631618856963091479906920519968115, 983.19613629223797578648021625563104828980657, 1.9082098977519608101649514461964654401526786386966705322266e21, 1908209897751960810162)
(1074.3210107855789828624820720478932481424716, 947.86023933826213291508551703402293342937874, 2.2719190608093994294878898925819754595067934133112430572510e16, 22719190608093992)
(1074.4277792683603304287088612101794227918210, 1014.3679274172077756673699065976822379920086, 9.1310306839470865951399398284273445369763066992163658142090e16, 91310306839470863)
(1080.3393109195465025782832821381369306615488, 780.00111141195296071246103166951650245961014, 1.5636348676848529390045566267749306007317500188946723937988e22, 15636348676848529390043)
(1083.4064562063283246909906386331157109110969, 1350.4937176682959792978498255617952447806368, 1.2171605930900125141518237240881180696305818855762481689453e21, 1217160593090012514149)
(1084.2955208675920276507584603046090244871608, 1106.1361943180778294974121089750681935525651, 2.9507497228353960525683988132980175578268244862556457519531e19, 29507497228353960523)
(1084.2973415551310934936194821505860914137142, 940.72911753471718252334143404954396102008629, 1.5497647826001313460011765097556590831118228379637002944946e16, 15497647826001311)
(1085.7508072918161417433088744551677056514579, 1167.3958816270579286210528307261382326987509, 1.7562562839843393131263618631058308805222623050212860107422e25, 17562562839843393131263616)
(1094.3257515627240633920818300540466738447652, 947.45721984887471033153501172478514574193180, 8.0977616084210731571906678441243859124369919300079345703125e24, 8097761608421073157190665)
(1097.4967910719680499514694765874689647875593, 1011.4839373562921035651075732107515233682775, 8.0581867654140538216411257939621464174706488847732543945312e19, 80581867654140538214)
(1103.0145749018089641604036929643803697719520, 1441.7957454036282758574847612100121760608875, 3.1680175436834136123854945557346268287801649421453475952148e21, 3168017543683413612383)
(1104.6328558103426785760769417154671800141115, 851.63791388165945851796727114355662831307987, 5.9961520777750665097572036010893192496951087377965450286865e21, 5996152077775066509755)
(1106.8805276086752650317300708576419853946909, 1452.5948961147537896481278410475783534586183, 2.7088501576569608087826067180474954909641382982954382896423e20, 270885015765696080876)
(1107.5944955791829583868785929790181930864382, 784.39336857786131205303201952589314842793398, 1.7721760485709317137881738036479957258961803745478391647339e21, 1772176048570931713786)
(1110.9446643388581201237007589966773145542087, 993.89916747266592943004568877394857114618862, 4.0232789308806214835751135673664168621144199278205633163452e22, 40232789308806214835749)
(1118.2427852476268450178863310200064313148090, 1112.1923939546096558206209810540278679726895, 3.2468240568355562794513036101064686123507385673292446881533e22, 32468240568355562794511)
(1125.4368524859056499962773079617378288244002, 809.85022700616326593212258551102963964692897, 6.1135977587654649212582504518479580075336343725211918354034e24, 6113597758765464921258248)
(1125.4901869513461230332375790330975809228179, 887.62434748372879899300373214876996021514247, 3.6940002685112567838383269248699005856906296685338020324707e22, 36940002685112567838381)
(1126.5869467465833835860712700346296381944955, 1514.0681889310833553657513976664602091366554, 8.3018100989901683605467640689756642018437560182064771652222e21, 8301810098990168360544)
(1127.5549499782581111430056068394136493859028, 1513.6033470239382987883571559672686658483608, 8.3018100989901683605467531879130722245463402941823005676270e21, 8301810098990168360544)
(1128.2479561146165741139323314289209683361474, 809.98468047461180025251429539300366190416419, 3.4542769733971889485413250201676873984979465603828430175781e19, 34542769733971889483)
(1128.8751890450981612555162229548153446234932, 829.83406454882448023303743589172814485069414, 1.7065664497958443808753303784442323376424610614776611328125e15, 1706566449795842)
(1147.9367037743277568012622102037236038045524, 1095.1397516614145018884890355634411182976072, 3.7625025390876018112492641119033090333800828375387936830521e22, 37625025390876018112490)
(1148.1691111989513579445105941795223751895768, 1198.7110084930259773894074767257698987893907, 3.0121533513656886855851263965742063533070904668420553207397e19, 30121533513656886853)
(1150.1789790408945122758325635681217355986487, 1050.0510039618497946516377296252844708893069, 4.7616943735799447825016959915677891785890096798539161682129e21, 4761694373579944782499)
(1153.7837150759962957829017958861482157111712, 962.05522673488120309737416184502337547234051, 3.4854662578679479579600363910842816749209305271506309509277e24, 3485466257867947957960034)
(1154.0674570107463961051672310930446519285022, 1266.6714603304347518235439528839852808934328, 5.0062285759158022811562188895131839672103524208068847656250e19, 50062285759158022809)
(1158.0041163545100900164831772335798075064555, 957.88313219451310775598611930729224867142573, 2.0115305772007738925674561788507617166033014655113220214844e18, 2011530577200773890)
(1161.3627994412198679015081309582824649661530, 770.12720958117526730885997645965651114476567, 9.4937817362014291975405644901949170069599404087057337164879e22, 94937817362014291975403)
(1162.8584033329231819502156021348178918281955, 1131.8974982563367053763395096339413674002041, 1.0472174724142618729158316906683024541052873246371746063232e25, 10472174724142618729158314)
(1167.9318199969510121921361781427011457901814, 941.49723865999702414951307758775168119921100, 3.7619204230043072066788321376836492504480702336877584457397e18, 3761920423004307204)
(1174.5813316488590827213493526239728824498528, 958.29828125946526697771011825818367187068805, 8.9275261427108085677995644753721649067301768809556961059570e15, 8927526142710806)
(1184.3648556998625934711005603393856065633310, 1049.3684599199375224404398596282658217246511, 1.3653130714034536827587462055197420340846292674541473388672e19, 13653130714034536825)
(1191.7830949983319224075730924868928677115379, 1314.0217019448292342372371433470928227330048, 4.1777982903225571648887014957563224015757441520690917968750e17, 417779829032255714)
(1202.7250445236762755995435462949804973759217, 954.72650503633148595792025730239877640674306, 3.3841400564243911795982243770368292609873606124892830848694e23, 338414005642439117959820)
(1203.9185712726024955695086917522362554735329, 960.16430914400942422532175655300638765327721, 1.0382481052565295717641189984917881633919023443013429641724e23, 103824810525652957176409)
(1205.1270928326625194713136823715418135004837, 1214.9240231378615206607326107923887682747168, 8.2722289071876767429103598551096464319698498002253472805023e19, 82722289071876767427)
(1209.3796619940394335874386790797458409461225, 1098.9056548116366174229254879011568150554197, 2.5035006762659221489861238324283476686105132102966308593750e17, 250350067626592212)
(1211.1913712517492562575082616016256803049105, 874.14762646668048519661061162120879686922789, 5.6504644510998783314098502061370309024823654908686876296997e23, 565046445109987833140983)
(1212.4342066223752209648985184908175612333207, 756.18331924689729996912021961807168934613312, 3.9850469424687714329431207775017999665578827261924743652344e22, 39850469424687714329429)
(1225.0082115372822724158789473440545881969130, 1072.4947693966889054284963430492135137776278, 3.9344210992784548873823173810854675096493338060099631547928e21, 3934421099278454887380)
(1225.6082773440305307557819747614803463938854, 1141.8589041231219143896886913454004872784495, 6.9685458445996721958499903440809930543764494359493255615234e17, 696854584459967217)
(1229.1241437510653107951058586890857836881328, 1341.7658585344900008362009265269002629849401, 1.3404864541594601915585408449535805402774713002145290374756e23, 134048645415946019155852)
(1230.5101551703531344289843678085371330462840, 944.01200243079396521987855746249590257644918, 4.6265247272193076454657654849825319800515899260062724351883e21, 4626524727219307645463)
(1235.2115669930585945853886806012481726918789, 1195.8348500375236588841535811863906424465183, 2.4155470915260760550528086673270160520132776582613587379456e23, 241554709152607605505278)
(1242.4365134791284112990327011436361092924158, 894.73912918363702302100960765029081204550179, 7.3621007981620799199826666442288072289557021576911211013794e18, 7362100798162079917)
(1256.0412776118114259573556190112439259171880, 827.84902648121756671723228368397752237264407, 3.0412125672591190201849956011290301958638337964657694101334e23, 304121256725911902018497)
(1258.2124821022777128052625521621994315727400, 983.63448114231696114018062488029898975345353, 5.8280835420017871485366267694614738275049603544175624847412e21, 5828083542001787148534)
(1260.4449620217479547703952632088949163875832, 1000.6498121548872549736857301285967451635544, 5.2785924670956067667706288141660037244946579448878765106201e24, 5278592467095606766770626)
(1262.3977958295858398314380425782117082552019, 1226.0676375079610169708604469467419936371170, 2.7655263663138192889221976322550966642666026018559932708740e20, 276552636631381928890)
(1270.8900427578258617593565318450615628434278, 1082.0881159392744747818447942362120407884613, 2.4563800336758286861902845417110786030434610438533127307892e19, 24563800336758286859)
(1274.3497173864195106438348862874270406029456, 1005.4417902575171443476628893363281483200290, 5.2554660072135091061797147069575218010584194416878744959831e23, 525546600721350910617969)
(1275.1638923751815952252825846561399678301759, 1121.6858891977168185116089420455167137821176, 4.7080807322966338166049605402569966372539056465029716491699e16, 47080807322966336)
(1285.5033174589170262464603826077592148065616, 956.78833659761935368082771848828720795792387, 8.0428101316246772516805578351649624630681501002982258796692e23, 804281013162467725168053)
(1301.0854624490244934314018260517001123041439, 1042.4123434295161551609286137028763411186083, 7.1132528907494590251996698541829421492366236634552478790283e23, 711325289074945902519964)
(1313.4803439839361742919512086124880341484016, 1216.1291285839574029663387070227693853762568, 8.5168645474576777298721733613544387761606913045397959649563e22, 85168645474576777298719)
(1319.9740344290207412526062366143636450297144, 614.43358493553305676357883849399565386056336, 1.7862680362739668994152570171772547496402694378048181533813e22, 17862680362739668994150)
(1322.9507807112855513031609814993894472839344, 954.35757158115192893316685378813417224795827, 4.0314964948515001631624264346100972034037113189697265625000e15, 4031496494851498)
(1325.2245834001907079210127961777866398467843, 835.66062423137382471901949800155709565517141, 3.5565918896283428698507838770981874719154802733100950717926e24, 3556591889628342869850781)
(1341.0746184717873503504482352061602815099971, 978.06098762165125062673199851250503057814632, 5.6776854126974107808663675015968104275998484808951616287231e22, 56776854126974107808661)
(1342.1453901541693149751156521962228150217712, 1052.7928674558187757869049355627300809958438, 2.7094672976521016171507384349177949729892134200781583786011e22, 27094672976521016171505)
(1349.5633365799036103617932611636209650920094, 1022.3737696878669149397764397820920823902830, 1.0509832318872915267599733661134405338088981807231903076172e21, 1050983231887291526757)
(1354.4404787470549964178572168666703214437366, 702.24271444953720072862380305514089773091689, 3.9402728457391124627067219509602159837413637433201074600220e23, 394027284573911246270670)
(1384.8326607668328628079437582607041233515255, 954.23161074724788958698898871359053290515297, 1.7837060499239506686264710574396034907351804577047005295753e22, 17837060499239506686262)
(1399.4324841027435156231224473875647920614937, 1306.4546008727080061223861295338006868890719, 7.0788375366522392851171021422282252615332254208624362945557e21, 7078837536652239285115)
(1414.9396402238694910714718880737026742680366, 854.75488153688879584143917012260375206820574, 9.1833878525047136885943833728501886071171611547470092773438e18, 9183387852504713686)
(1468.7088424663888188885882688478004068343627, 1128.1780215635816386184583051788469078403711, 2.9994976387258867642436067527587079060822361498139798641205e24, 2999497638725886764243604)
(1485.1176308650024592503564489614520316060455, 1523.2712830817700340699496648847736572982336, 7.0273072953868791202540087342287210958602372556924819946289e21, 7027307295386879120252)
(1492.7793652548674902181863924282447357111907, 1123.7788097137782184483729861091151551074644, 1.0717261348635145471103881356757319887037738226354122161865e25, 10717261348635145471103879)
(1495.1656357128353879078627001384802918163431, 1399.2013325052251316217462750476280670332211, 3.3687877584803712504175292612942484993254765868186950683594e19, 33687877584803712502)
(1495.3644399763612949586482742861837744522734, 983.39022688539669254005657225170757058066139, 6.5869606238197457953946160754605967680618050508201122283936e25, 65869606238197457953946158)
(1508.9255769681561766779493108104053696070410, 1109.5609927974355376524211415127748630174083, 2.0113329899787199262967964133008536009583622217178344726562e18, 2011332989978719924)
(1509.7798949227057289067272169274450552345789, 1169.3171771035338743173164162325705538064194, 8.8754884927491817505899965251029743740218691527843475341797e20, 887548849274918175056)
(1509.8170393515845874782482417039657176449701, 1205.4559551996107426419989712748246236629643, 1.0984271532507142502197325131306367052275163587182760238647e24, 1098427153250714250219730)
(1514.4377994067512959666357610280528754429522, 1221.8290192053759296177228462410953416424674, 4.8813850387112805892110791329282767105723905842751264572144e23, 488138503871128058921105)
(1529.5334201342256542298615519946933569475882, 1464.9173324238563638379323531745205953916024, 5.2027632270944129394621160017420838232737878570333123207092e23, 520276322709441293946209)
(1551.9541329232541178681651452056484009723774, 765.37029601209479309251616760958770066586108, 4.6637529775087617213214855685907743631446464860346168279648e23, 466375297750876172132146)
(1561.9112007436378472575936842937139331142124, 1713.8876525459310363607265308539365954800193, 1.7753798844601925308018619786418651985513861291110515594482e25, 17753798844601925308018617)
(1603.0688675390265837270666287979940869521125, 1465.8526126334842104259655049174515994165500, 8.1992050620655912805021305570384697654162664548493921756744e23, 819920506206559128050211)
(1606.6969744562796256746616733863881512904664, 1638.3366133848138820310080368863112766075738, 4.4582441571687338381892864828876099636545404791831970214844e18, 4458244157168733836)
(1639.2835604898175194321547130596957331045649, 1871.1905662416318744578660367019870154181033, 2.4930807515932076033741716442974303117807721719145774841309e23, 249308075159320760337415)
(1688.6114583503040407187990176066334652158065, 1643.1390797570537428164575187800135740451733, 2.7546072663827015454663865264718595843760340358130633831024e24, 2754607266382701545466384)
(1691.9004463821986250083130337258370112872265, 1088.2240637017563925965166378227173718448132, 3.1356441364706807774687861995925916406946498682373203337193e22, 31356441364706807774685)
(1725.2053949071916546277592042471900214261335, 893.60049554823265202524216799483022973141116, 1.4540347179813823197496408612146866562397917732596397399902e23, 145403471798138231974962)
(1730.3759203659937564734937089565740228099447, 1090.4182379555494265965653445747602771223455, 6.7727329422868128645957835525652666910900734364986419677734e24, 6772732942286812864595781)
(1747.3947228694800628760798481355337512316524, 1182.9223128120259477359409082131324280426103, 2.4442204659699609468376009674068443248415860580280423164368e24, 2444220465969960946837598)
(1810.2666698167438626354667989020044062721830, 1460.8549025668771324305056149736089230862820, 3.3843996032634239210334433617381404246771126054227352142334e20, 338439960326342392101)
(1828.3125061092488541066727864740208359149844, 1240.6490136953574604321609297701967372202545, 6.3425809232418067993149347780092086750869384559337049722672e23, 634258092324180679931491)
(1851.9088989465218775386743504341188519040168, 1422.8038137435801342944646265644913653159976, 7.4527714049657513787811682404616831951216227025724947452545e23, 745277140496575137878114)
(1980.8918426703867226137551827958614047774719, 1400.7595994724520273397714691514322513689512, 2.7329851192208963556429978639350141654063008900266140699387e23, 273298511922089635564297)
(1988.3737431086883767280509337122703058204122, 1960.7924620990447255433373768155823188226270, 7.5864143629854906339006099173778330089135124580934643745422e23, 758641436298549063390058)
(2008.6628517367745773580888362716809826793238, 1850.4791562823408006090382981740151427578338, 1.3883216708916911304946229954463063904768205247819423675537e19, 13883216708916911302)
(2062.3550247215467526992745215624694524097766, 1955.2100533480463285386345365404433310886615, 9.8994322839419815260618657325650373672942805569618940353394e23, 989943228394198152606184)
(2098.2564373024415060385317007734116257890879, 1960.1033365923859344532886773599809326081999, 1.1972060722047862235633170864568768570279644336551427841187e23, 119720607220478622356329)
(2116.5689417063029434064379240282453202155567, 1929.3033530874310912303193106348389146689520, 4.0932833837105244994756509358495861761184642091393470764160e19, 40932833837105244992)
(2389.1307305869216314999309776933207033883647, 1577.8069182114018404899972262802024225338385, 2.8978921683425328597598474492839205534437496680766344070435e25, 28978921683425328597598472)
(2654.8154637589006002950738558789563202124462, 1837.1776186846426380045426797732012231579091, 1.2179510722329388065499825739499610017446684651076793670654e23, 121795107223293880654996)
(2949.1719591298872586910750223181753749592505, 2385.4744759938041465581639895579610887425814, 1.4504634051958315404515251116717951754253590479493141174316e23, 145046340519583154045150)
(3297.0305839839575395256581362552506786305622, 2838.4881076111940075499164488879852308960903, 4.0287674977104813237420855004001690957693426753394305706024e21, 4028767497710481323740)

